3 0.6104
3 0.6418
3 0.4592
3 0.4952
3 0.8390
3 0.6555
3 0.4494
3 0.3231
3 0.5831
3 0.5292
3 0.4961
3 0.2290
3 0.3070
3 0.2923
3 0.2818
3 0.3666
3 0.2626
3 0.3263
3 0.3038
3 0.3486
3 0.4184
3 0.2773
3 0.2073
3 0.2393
3 0.2277
3 0.2394
3 0.2002
3 0.1998
3 0.2152
3 0.2400
4 0.3431
4 0.1996
7 0.1855
6 0.2894
6 0.1805
4 0.2011
4 0.3133
3 0.1306
4 0.2167
3 0.2093
3 0.2366
3 0.1821
3 0.2066
3 0.1518
3 0.1743
5 0.1716
5 0.1366
4 0.2413
3 0.1534
4 0.4052
3 0.1543
4 0.1988
3 0.1493
3 0.1420
3 0.1332
3 0.1524
3 0.1310
3 0.1617
3 0.1177
3 0.1246
4 0.1236
6 0.1239
5 0.1329
5 0.1084
4 0.1095
5 0.1354
4 0.1123
3 0.1187
4 0.1290
4 0.1299
4 0.1036
3 0.1309
4 0.1415
3 0.1311
3 0.1070
3 0.0935
3 0.1127
3 0.1598
3 0.1010
3 0.1117
3 0.1025
4 0.1110
3 0.0824
4 0.1206
4 0.1119
4 0.1224
3 0.0944
3 0.1071
4 0.0776
3 0.0983
3 0.1186
4 0.1166
3 0.0824
3 0.1263
3 0.0840
3 0.0861
4 0.1165
4 0.1219
4 0.1262
3 0.0868
3 0.1180
3 0.0821
3 0.0785
3 0.1584
4 0.1350
4 0.0870
4 0.1225
4 0.0755
4 0.0761
4 0.1201
4 0.0727
4 0.1081
4 0.0804
4 0.1873
4 0.0755
3 0.0681
3 0.0883
3 0.0668
3 0.0825
3 0.0966
3 0.1151
3 0.0916
3 0.0734
3 0.0852
3 0.1093
3 0.0788
3 0.0801
4 0.0652
3 0.0814
3 0.0723
3 0.0753
3 0.1081
3 0.0847
3 0.1008
3 0.0745
3 0.1218
4 0.0772
4 0.0887
3 0.0723
3 0.0650
3 0.0803
3 0.0742
3 0.1194
4 0.0700
3 0.0609
4 0.0777
3 0.0675
4 0.1021
4 0.0654
4 0.0787
6 0.0749
4 0.0748
3 0.0668
3 0.0854
3 0.0811
3 0.0847
4 0.0824
3 0.0647
3 0.1127
3 0.0728
3 0.0596
3 0.0785
3 0.1115
4 0.0582
3 0.0702
3 0.0611
3 0.0632
3 0.0567
3 0.1144
3 0.0686
3 0.0747
3 0.0819
3 0.0656
3 0.0715
3 0.0557
3 0.0671
3 0.0857
3 0.0760
3 0.0688
3 0.0795
3 0.0623
4 0.1081
3 0.0573
3 0.0677
3 0.0549
3 0.0645
3 0.0549
3 0.0576
3 0.0599
3 0.0524
3 0.0572
3 0.0709
3 0.0557
3 0.0508
3 0.0598
3 0.0561
3 0.0692
3 0.0594
3 0.1160
3 0.0708
3 0.0475
3 0.0568
3 0.0747
3 0.0633
